
Task1

task1("Wounds/23778438")

[ 9  8 16  5  4  5  6  5  2  6  1  1  1  8  4  2  2  1  3  1  1  1  2  8
  1  2  2  1  1  1  2  1  3  1  1  1  1  1  1  1  1  1  2  1  1  7  2  1
  1  2  1  1  1  1  2  2  2  1  2  1  4  1  1  1  2  1  1  1  1  6  1  2
  1  1  1  1  1  1  4  1  1  1  1  1  1  1  1  1  1  1  1  1  1  1  1  1
  2  1  1  1  1  1  1  1  1  1  1  2  1  3 10  1  1  2  1  1  3  4  2  1
  1  1  1  1  1  1  4  3  1  1  2  1  1  3  1  1  1  1  1  1  1  2  1  1
  2]

task1("ParasiticDisease/2617030")

[ 6  4  7 11  3  2  2  4  2  1  1  1  2  1  1  1  2 10  1  1  2  2  1  1
  1  2  3  2  1  1  1  1  1  1  1  1  1  1  2  1  1  2  1  1  1  1  1  1
  1  2  2  1  4  2  2  1  2  1  1  1  1  2  2  1  1  1  1  6  1  2  1  1
  1  1  2  1  1  2  2  1]
  
task1("RxInteractions/1966748")

[ 4 11 12  1  2  2  1  7  1  1  1  1  1  1  1  1  1  3  2  2  2  1  3  1
  2  1  1  1  1  1  1  1  1  1  1  1  1  1  1  7  4  7  1  1  1  1  1  2
  2  8  3  2  2  1  1  1  1  1  1  1  2  1  2  5  3  1  5  1]
  
  
Task2
  
"PalliativeCare/16552238"

[0.00030536152464218823, 0.00031608906181866437, 0.0010109571298143113, 0.001138354377174771, 
0.0022983935131899356, 0.0017637067917049495, 0.0037106939975623462, 0.008141868291551526, 
0.008404488452830174, 0.010443583552035554, 0.004356553821749023, 0.00912791573232544, 
0.00976969260722648, 0.007514681851074296, 0.012763262138793465, 0.01664033854732166, 
0.011183156632449528, 0.00842848413858375, 0.01663488327770401, 0.011979305919624551, 
0.01158353398271924, 0.011727175393084936, 0.012769563423350519, 0.01151381007445576, 
0.02701277254745636, 0.025453426641852083, 0.014128818302419579, 0.012812731686721084, 
0.015241424714046542, 0.013553174425551739, 0.015411364471691532, 0.02735505943460903, 
0.051325867194142595, 0.013982486245226236, 0.014118947411273682, 0.015214570377672735, 
0.06011235190128617, 0.020281331052188295, 0.05988860485034235, 0.017158314610712988, 
0.017474507554299048, 0.043960105565918985, 0.018183494568019952, 0.04307933842454735, 
0.019862682803495773, 0.018567985904425346, 0.01855210800610423, 0.0196036665419529, 
0.019135379643475562, 0.023218132917405227, 0.04316803379720882, 0.019164669143649733, 
0.061518684478032264, 0.04535591577895242, 0.06440822730167442, 0.02443350865539772, 
0.020935950591243913, 0.06404538205231809, 0.023241766907220168, 0.022425594794709004, 
0.07207972878328556, 0.02280836979057029, 0.022243260752824984, 0.02404014442008484, 
0.024375657894623485, 0.02424756071439161, 0.022863583439042715, 0.053698592240582245, 
0.02576730612241984, 0.023349325126661564, 0.02519326635099142, 0.05079102242390627, 
0.024762406047772106, 0.057523301903208174, 0.026849296120291122, 0.057708365336997705,
 0.027331201119161867, 0.029340311389668236, 0.0644193916939403, 0.031196013363570283, 
 0.0579597893371508, 0.029652778110637365, 0.0644193916939403, 0.03002087275839508, 
 0.07112198362710082, 0.03163045258563968, 0.03110372644987092, 0.031242712036228793, 
 0.035761492837219994, 0.0353671754166458, 0.035088052049283246, 0.03700806185667031, 
 0.08110642105776963, 0.041850556757455804, 0.04010576261530267]
 
 "SquamousCellCancer/23991972"
 
[0.00037613541967644544, 0.00036811205324298617, 0.0006339543668210577, 0.0020395515924381317, 
0.0012353865133395904, 0.002106649778980912, 0.006648326745632537, 0.014292586770227886, 
0.013419540530183733, 0.017516670339826235, 0.002431252337060525, 0.005480585859934489, 
0.00581687425474857, 0.006237140176910122, 0.008112391175909867, 0.0039027461319834996, 
0.010418996171878189, 0.007461638284272563, 0.008006493907359889, 0.010557082591120582, 
0.045898178598855505, 0.007547198045428542, 0.007763996264545148, 0.017709411159994855, 
0.007974881624988484, 0.008793230846507448, 0.008735598564799435, 0.0109229716940837, 
0.009566504595502486, 0.027493195187799187, 0.00906576550785381, 0.022913885931462624, 
0.013102612913174497, 0.011502831661992535, 0.011800114633624244, 0.011401014016662912, 
0.010916631664897494, 0.012657066395917538, 0.011626610520078254, 0.01426722961704369, 
0.0116776909061573, 0.012236434330060985, 0.012252787038418627, 0.014694175361625319, 
0.0126217854255584, 0.012844023404848078, 0.01368872267399935, 0.014806613590654667, 
0.030816759320517077, 0.016842084930911883, 0.01493864861062821, 0.015765573744396716, 
0.016866851184583812, 0.013991343531335864, 0.04831800100338978, 0.01430049049447351, 
0.015908165103497237, 0.016214375724716706, 0.015152120433686385, 0.01488746903077702, 
0.016227533626451657, 0.01548397363361403, 0.042526673920142824, 0.016595976155648624, 
0.05116162790607779, 0.017829367770455257, 0.018207083238130084, 0.01785331417279187, 
0.01783534405720774, 0.0191631007550201, 0.018769411393956787, 0.023746033503474685, 
0.023404085741904702, 0.021523807900564438, 0.020210833278954655, 0.021671571948112436, 
0.021205912637093767, 0.019980134215251508, 0.04285515459104999, 0.02352746996650056, 
0.020694988884045053, 0.045408513528893586, 0.023916193827899418, 0.025319318971724063, 
0.023050557500221964, 0.024132012525108652, 0.024570648353671246, 0.02405249444109413, 
0.02393544831686466, 0.023653848206081976, 0.04909780325514998, 0.026105440028876582, 
0.024484201002582504, 0.02524437763082771, 0.026406583627255887, 0.12161081685722494, 
0.02637567354642352, 0.08500684132390664, 0.02937578720956171, 0.028472084464187756, 
0.03007910118770725, 0.02937578720956171, 0.030819593316772573, 0.03723700832350503, 
0.03293139075483593, 0.03375237483922959, 0.03723700832350503]

"HeartFailure/25940075"

[0.0004155235936586739, 0.00020645817202333015, 0.0006052945853192016, 0.0009913769765775222, 
0.002001638907689463, 0.0015999871739095534, 0.002019744834116214, 0.004792986619751849, 
0.002894701118020838, 0.006522915903279181, 0.0106430402064767, 0.0016649881093471865, 
0.00985809560616895, 0.004929047803084475, 0.005317680786211882, 0.0030580348909037777, 
0.005024448320722709, 0.0031652646598110956, 0.007320338601353158, 0.011663598487219201, 
0.004239394231219247, 0.004533653641077001, 0.05013998503549675, 0.0045856393187413925, 
0.009882060725405303, 0.04241210898773829, 0.005536774095398117, 0.005115482960170855, 
0.005307705457093328, 0.011987318506688698, 0.0713340651732439, 0.00649171787941011, 
0.005852920734955281, 0.006230356682704815, 0.005811074743896136, 0.006091087071687763, 
0.008292711307248225, 0.008740937085533512, 0.0237134373084492, 0.008558911241543262, 
0.009120702125820331, 0.007844634279127481, 0.009487629143546901, 0.008281348433416805, 
0.024936857846422307, 0.016723517851171387, 0.00767160455643194, 0.009053813359018698, 
0.00811101726248712, 0.008341876826916403, 0.009114370899376353, 0.00925226313214356, 
0.010004442325342984, 0.007499943117025625, 0.01872410692892177, 0.009219401393834328, 
0.008065285874708089, 0.008281348433416805, 0.00877105802167584, 0.013004837413801321, 
0.009076647257090559, 0.008140326066809426, 0.009210695592024552, 0.03400427794957577, 
0.008182447979289893, 0.008258744359010538, 0.009355221025040971, 0.008565994751970412, 
0.010499251341600074, 0.06796071309417992, 0.010069344118765852, 0.009778113743192603, 
0.009574202970165677, 0.009778113743192603, 0.01002405451625555, 0.052447345433163775, 
0.009206351655910716, 0.1519619827732222, 0.020406565607182278, 0.010135604900997405, 
0.009744489200854196, 0.010698048849131309, 0.010575270464507947, 0.009701050918216308, 
0.01101605011126367, 0.011177763592693285, 0.02168060015308709, 0.022404275415526396, 
0.011019897597405726, 0.010847583294860883, 0.022984708494573857, 0.022993654240125425, 
0.010981631629794876, 0.025457768597629583, 0.024617590084901317, 0.010910176921718402, 
0.011365316910275484, 0.011912368853788772, 0.02731830540542247, 0.026096774100214555, 
0.013331056406904775, 0.026889920425505153, 0.012555352425787734, 0.014178149463060192, 
0.012574170461191931, 0.013898448292592805, 0.012968998333557483, 0.013252135684286888, 
0.027040820355649205, 0.013721819244787754, 0.029675294303190044, 0.014075395080051381, 
0.014241442712131928, 0.014157329934268919, 0.014484990310663982, 0.014371958403695378, 
0.014473503702908987, 0.04566012316184146, 0.031866916054568734, 0.014968975413958164, 
0.06417802603079913, 0.03212679888240275, 0.0165765853741618, 0.01584380452530264, 
0.03488542283995044, 0.032241529164634124, 0.0341660600648079, 0.016621473459579383, 
0.017189411712147572, 0.0338101124804859, 0.01664415855286613, 0.03500372747926786, 
0.038098992189498436, 0.01863912323617791, 0.018090795004298048, 0.018860511174807373, 
0.03781341981430558, 0.019302795802576864, 0.0396341924247599, 0.01895359309001716, 
0.019001181309525203, 0.01925048788500974, 0.020357050380198822, 0.042785068552855965, 
0.021496299538526057, 0.04658743475810236, 0.027166424441146485, 0.27059470790344303]




Task 3

QA
Asthma
PalliativeCare
SquamousCellCancer
QA
Asthma
BrainInjuries
PalliativeCare











